------------------------------
K1: [1]
K2: [1]
Spec_Max: 40
spec_indexes: [3935, 12180, 7398, 3870, 11142, 7972, 1670, 12076, 1751, 8934, 112, 12026, 8981, 5823, 7353, 2098, 2824, 9211, 7649, 3748, 4063, 5554, 11107, 253, 2399, 8542, 3007, 10675, 12988, 13392, 5195, 1823, 13291, 9260, 9121, 11243, 8002, 6738, 4367, 9531, 7537, 5973, 8, 2704, 10870, 9433, 5777, 7056, 9673, 8530, 4370, 3475, 6473, 11300, 9250, 3432, 6278, 8440, 1260, 4946, 7472, 4506, 8961, 5196, 9426, 10766, 3478, 13106, 2733, 4570, 9278, 11890, 11007, 6934, 9291, 8370, 13488, 5747, 445, 8364]
Posterior scores: [356.14314605891974]
Spectral scores: [442.20977722668556]
Final scores: [373.3564722924729]
Tempo totale : 1741381115.257862

------------------------------
K1: [1]
K2: [3]
Spec_Max: 40
spec_indexes: [2967, 9388, 4239, 929, 9309, 10470, 8437, 4025, 6122, 10377, 3818, 6351, 8256, 7357, 7798, 9109, 7237, 2834, 12078, 5356, 12610, 1183, 12581, 7006, 9923, 4153, 10263, 12769, 10174, 5215, 8906, 10864, 10226, 1860, 4069, 4214, 917, 11871, 4003, 7046, 11153, 4565, 10834, 7392, 8025, 5649, 8674, 9140, 9252, 1386, 1930, 4220, 2931, 12063, 2748, 11720, 12051, 4954, 7558, 7724, 2809, 8763, 12912, 6342, 9187, 7426, 6564, 3551, 11193, 9323, 6185, 6325, 8790, 4201, 5638, 3458, 5519, 4104, 10389, 10421]
Posterior scores: [356.3291365240117]
Spectral scores: [437.36712628662474]
Final scores: [372.5367344765343]
Tempo totale : 1741385618.7032328

------------------------------
K1: [1]
K2: [5]
Spec_Max: 40
spec_indexes: [12033, 10946, 4932, 13136, 11299, 9273, 11523, 2315, 5561, 12933, 4330, 13436, 6380, 7065, 10151, 1085, 1675, 8318, 881, 8509, 8203, 11399, 8428, 9502, 1646, 202, 13337, 12100, 7645, 196, 10185, 2173, 5852, 4640, 11770, 2655, 4076, 6719, 2451, 4855, 4437, 2254, 7684, 12914, 12604, 889, 8719, 7491, 5944, 6475, 13497, 8686, 12121, 7368, 7565, 12587, 9745, 12859, 13500, 3857, 6915, 3608, 5846, 5129, 11910, 4566, 237, 9254, 3093, 2059, 269, 635, 8394, 252, 2653, 12323, 1868, 13031, 4539, 5389]
Posterior scores: [356.4986945693528]
Spectral scores: [410.3380656180578]
Final scores: [367.26656877909375]
Tempo totale : 1741388245.8871944

------------------------------
K1: [1]
K2: [7]
Spec_Max: 40
spec_indexes: [661, 11367, 7611, 6886, 5468, 9992, 544, 2846, 10369, 5000, 8164, 6863, 7114, 4560, 10899, 6763, 13021, 4876, 7096, 750, 264, 2484, 9358, 8821, 4210, 8977, 5702, 5918, 2356, 11249, 5138, 7476, 8354, 9707, 13016, 5748, 2818, 4549, 1338, 5798, 3555, 12212, 5597, 1986, 13080, 6254, 1470, 10994, 4176, 1155, 6697, 9387, 5233, 4974, 9839, 7788, 12468, 5535, 6666, 4837, 1448, 3922, 638, 1158, 10179, 1138, 10345, 6397, 6060, 7708, 506, 1795, 6823, 12209, 2417, 5907, 2903, 10226, 3305, 5147]
Posterior scores: [356.5782344177321]
Spectral scores: [419.78732856673804]
Final scores: [369.22005324753326]
Tempo totale : 1741429198.2462888

------------------------------
K1: [1]
K2: [9]
Spec_Max: 40
spec_indexes: [1626, 4868, 3461, 10893, 8885, 3417, 7950, 541, 11221, 6171, 9565, 8408, 11523, 6867, 2131, 11782, 874, 8787, 12361, 6855, 7729, 10945, 511, 5446, 8819, 9590, 11399, 8372, 10189, 11813, 3725, 4878, 8482, 11432, 13127, 7350, 732, 4988, 3770, 9469, 6802, 12960, 12045, 13331, 3479, 7072, 8824, 2312, 11780, 621, 11011, 7207, 5364, 9895, 4387, 8414, 12123, 10803, 4395, 13169, 3044, 8322, 8679, 5627, 9050, 4005, 7734, 1666, 6413, 1601, 9059, 2718, 10676, 8759, 1965, 838, 2463, 13291, 1077, 940]
Posterior scores: [356.61666933825165]
Spectral scores: [466.80030136967537]
Final scores: [378.6533957445364]
Tempo totale : 1741431410.1293988

------------------------------
K1: [1]
K2: [11]
Spec_Max: 40
spec_indexes: [7843, 9672, 11648, 4498, 13177, 8898, 5577, 2100, 3920, 13401, 9096, 9074, 1014, 4133, 2736, 11268, 9520, 957, 9438, 6038, 5059, 2183, 3591, 8669, 2456, 12909, 10105, 12479, 1797, 3763, 4595, 1439, 3999, 2427, 6030, 8152, 12077, 12739, 12553, 13378, 10626, 3424, 6102, 4010, 552, 10939, 8334, 667, 3614, 6236, 1250, 676, 1157, 4405, 11258, 892, 6046, 443, 868, 1701, 11113, 9605, 8069, 4607, 3458, 10084, 3149, 8889, 3322, 1653, 13321, 7833, 8141, 10033, 11168, 10064, 11957, 9181, 1929, 10989]
Posterior scores: [356.80476968589056]
Spectral scores: [451.68524962573446]
Final scores: [375.7808656738593]
Tempo totale : 1741434068.1197464

------------------------------
K1: [1]
K2: [13]
Spec_Max: 40
spec_indexes: [10369, 12423, 9002, 2141, 5778, 100, 3151, 4232, 6397, 10330, 6216, 852, 7633, 1246, 6904, 8345, 10991, 4012, 1700, 9561, 10, 8822, 4401, 8400, 3878, 1508, 13397, 11147, 11679, 5108, 4694, 581, 3971, 132, 10553, 9109, 1148, 8601, 10775, 4688, 5129, 4199, 11555, 3268, 3543, 3911, 5539, 6194, 1324, 188, 6867, 10712, 1783, 5049, 11764, 9599, 8269, 2683, 8488, 3817, 940, 12001, 1142, 3945, 9437, 11089, 11947, 12779, 4097, 5440, 11686, 4258, 1453, 10571, 12723, 11927, 3552, 3255, 7386, 3334]
Posterior scores: [356.89885426558766]
Spectral scores: [443.043279519978]
Final scores: [374.12773931646575]
Tempo totale : 1741436639.6413531

------------------------------
K1: [1]
K2: [15]
Spec_Max: 40
spec_indexes: [8078, 13079, 608, 268, 595, 11243, 4091, 26, 10839, 9817, 4340, 10357, 10289, 8318, 10051, 3685, 11281, 10117, 2004, 4530, 2064, 10534, 4298, 2369, 2718, 3945, 11047, 13155, 10220, 3595, 4703, 9329, 8979, 11758, 6434, 5105, 5896, 4834, 2160, 3346, 7893, 9585, 4948, 4228, 12103, 5947, 11977, 2453, 647, 993, 3379, 8901, 5725, 6445, 9156, 229, 4675, 10826, 2402, 4266, 6264, 12855, 789, 3952, 722, 11322, 4809, 7578, 4581, 5245, 51, 5338, 12763, 790, 2496, 2956, 11337, 3318, 2514, 10677]
Posterior scores: [356.9651465402899]
Spectral scores: [433.64928825828304]
Final scores: [372.3019748838885]
Tempo totale : 1741438862.0367172

------------------------------
K1: [1]
K2: [17]
Spec_Max: 40
spec_indexes: [10446, 5388, 9724, 9098, 6515, 11103, 8318, 4234, 482, 3617, 11985, 8693, 12623, 13340, 12818, 12286, 8046, 10711, 6034, 8594, 12785, 10110, 12247, 3065, 4898, 603, 1623, 9432, 7178, 5107, 10435, 4960, 2080, 8038, 8894, 10256, 3041, 1425, 9989, 9501, 5258, 4522, 4592, 8797, 11333, 12759, 217, 10686, 8639, 572, 75, 8950, 13129, 5613, 4701, 819, 7430, 7474, 9855, 895, 3985, 11394, 6050, 4609, 6135, 6018, 6359, 12757, 11935, 10463, 11946, 2074, 5294, 2952, 10802, 9074, 6134, 9408, 6975, 5038]
Posterior scores: [357.1561752196948]
Spectral scores: [469.0450666443903]
Final scores: [379.53395350463387]
Tempo totale : 1741441496.3645709

------------------------------
K1: [1]
K2: [19]
Spec_Max: 40
spec_indexes: [7252, 3778, 8901, 9176, 12397, 5056, 13175, 9801, 8155, 13280, 8267, 11209, 4780, 4839, 5943, 13139, 10677, 3978, 3243, 9147, 6, 8378, 13433, 7551, 12612, 5998, 10557, 8890, 471, 7036, 7438, 1575, 12010, 8678, 2827, 10990, 1824, 2132, 3891, 7717, 6045, 6453, 1532, 3033, 4213, 12215, 1718, 2603, 11298, 4409, 3158, 1894, 5185, 8433, 10709, 5398, 2154, 9776, 3940, 10107, 6341, 12810, 11575, 2139, 4556, 9372, 5732, 10827, 8272, 12520, 9015, 11663, 3647, 7157, 469, 4746, 1591, 4239, 12600, 7889]
Posterior scores: [357.2143426067265]
Spectral scores: [428.8788744181522]
Final scores: [371.54724896901166]
Tempo totale : 1741443576.3214414

------------------------------
K1: [1]
K2: [21]
Spec_Max: 40
spec_indexes: [10069, 13236, 7452, 11261, 3548, 1789, 5312, 6075, 8372, 12199, 6586, 1407, 11248, 12890, 7987, 5575, 1120, 11005, 11484, 8972, 11728, 1225, 13477, 1826, 1357, 2741, 10824, 1660, 2670, 9965, 557, 1298, 4214, 13141, 3027, 3049, 1439, 8399, 690, 8054, 5514, 4738, 2444, 4084, 4688, 4739, 2252, 6867, 11258, 13151, 2567, 12863, 13031, 5510, 5393, 5571, 277, 1072, 5, 9780, 7981, 3472, 12070, 10014, 13260, 718, 6510, 4515, 3152, 8010, 3508, 5349, 9125, 3394, 8224, 12365, 10382, 841, 6093, 1742]
Posterior scores: [357.28399033253936]
Spectral scores: [410.4626465088771]
Final scores: [367.9197215678069]
Tempo totale : 1741459483.9064825

------------------------------
K1: [3]
K2: [1]
Spec_Max: 40
spec_indexes: [3045, 13055, 5422, 13390, 13134, 11002, 9989, 6060, 7876, 6015, 9000, 9181, 10194, 3125, 6783, 12382, 13172, 8345, 7304, 13312, 10223, 3768, 965, 4102, 4711, 9645, 6328, 2641, 7625, 11826, 3333, 816, 1496, 11844, 9563, 11363, 251, 1593, 7725, 601, 2235, 6812, 9728, 6473, 2518, 7737, 9419, 3592, 9584, 6869, 6206, 9139, 736, 8775, 11299, 6050, 6007, 8103, 4547, 9461, 4064, 8186, 2403, 3822, 12771, 11887, 3198, 4618, 2844, 2568, 5022, 5981, 4254, 2368, 3583, 10768, 2522, 12005, 9091, 10478]
Posterior scores: [357.0387731179314]
Spectral scores: [449.5380269731171]
Final scores: [375.5386238889686]
Tempo totale : 1741461808.4406397

------------------------------
K1: [3]
K2: [3]
Spec_Max: 40
spec_indexes: [9173, 9594, 2028, 11186, 13520, 956, 2943, 10131, 3300, 5461, 12623, 6702, 9164, 5798, 4431, 9208, 1075, 11654, 13275, 8497, 9445, 7076, 8953, 4429, 12783, 1359, 13122, 8193, 12014, 2229, 5218, 9275, 9066, 7552, 8931, 7567, 2005, 10573, 316, 4800, 10889, 3535, 12817, 2826, 8301, 1669, 7263, 6982, 7480, 2823, 7748, 13354, 5070, 6401, 1595, 12883, 5793, 8858, 12057, 3677, 1905, 6092, 864, 11528, 3798, 5781, 12756, 1496, 8618, 11318, 3457, 11739, 3062, 4430, 8246, 913, 3567, 13388, 13245, 6057]
Posterior scores: [357.4615341894333]
Spectral scores: [442.0620613699044]
Final scores: [374.3816396255275]
Tempo totale : 1741467043.8095121

------------------------------
K1: [3]
K2: [5]
Spec_Max: 40
spec_indexes: [1978, 2014, 8409, 7649, 1307, 6985, 9232, 13098, 10449, 3955, 3487, 6287, 6996, 2024, 5049, 9746, 11228, 5530, 11879, 12678, 7466, 8560, 2690, 3092, 6578, 5419, 615, 11701, 2587, 7682, 4484, 13132, 1714, 4859, 8756, 7190, 8896, 1089, 6916, 16, 1717, 11764, 12267, 8746, 8743, 11445, 1109, 3418, 730, 4848, 54, 3645, 13107, 8202, 603, 7105, 1226, 5627, 6271, 8445, 12428, 9813, 6451, 12450, 13330, 10158, 4521, 9389, 7657, 13366, 1836, 2336, 4483, 277, 1184, 10813, 5478, 1066, 11957, 4625]
Posterior scores: [357.746241682646]
Spectral scores: [438.6816360614295]
Final scores: [373.93332055840267]
Tempo totale : 1741469185.7741177

------------------------------
K1: [3]
K2: [7]
Spec_Max: 40
spec_indexes: [11439, 5670, 12758, 1464, 9024, 12162, 6386, 8458, 10795, 1799, 1689, 12987, 3753, 3585, 3588, 841, 4970, 4912, 10064, 13348, 3240, 5377, 1828, 2091, 10792, 11241, 10108, 9726, 9667, 3983, 8368, 13169, 2276, 5625, 2785, 316, 453, 4563, 10327, 10630, 9180, 1884, 5561, 815, 7397, 2811, 9005, 5186, 12348, 3300, 11520, 10833, 12791, 5102, 3865, 8638, 4997, 12023, 2884, 11313, 3033, 10956, 11048, 6562, 7133, 7812, 7756, 12205, 1250, 10408, 6471, 7210, 12559, 8347, 7729, 6844, 3308, 2832, 4080, 8402]
Posterior scores: [357.9645006883632]
Spectral scores: [454.39139103962964]
Final scores: [377.2498787586165]

------------------------------
K1: [3]
K2: [9]
Spec_Max: 40
spec_indexes: [13346, 11903, 7939, 2956, 6542, 1580, 11546, 1831, 5998, 388, 3204, 873, 1828, 12599, 5319, 4845, 9065, 6650, 12137, 8658, 1175, 13515, 5756, 10210, 7645, 8421, 10723, 11646, 6976, 12868, 7749, 236, 3580, 2424, 4918, 1587, 13403, 8243, 7613, 3987, 6714, 6399, 1021, 2286, 9031, 5214, 3877, 4776, 3473, 2280, 7114, 8911, 12105, 2287, 10113, 862, 9968, 11637, 7744, 3976, 2770, 1765, 4367, 12854, 4728, 11444, 12758, 1575, 428, 6569, 3379, 3285, 9073, 1118, 9412, 11769, 12436, 10242, 11162, 652]
Posterior scores: [358.21109982924384]
Spectral scores: [444.30120491439993]
Final scores: [375.42912084627505]

------------------------------
K1: [3]
K2: [11]
Spec_Max: 40
spec_indexes: [7302, 11368, 10393, 6542, 5806, 12615, 487, 11127, 6044, 1766, 12793, 13451, 4518, 1967, 1992, 12955, 1815, 9918, 3855, 10955, 2010, 8032, 4004, 10778, 8779, 11055, 6975, 2839, 6581, 1402, 4285, 4514, 985, 1385, 6516, 11799, 13151, 1905, 823, 9498, 5, 2287, 6549, 10809, 5970, 8592, 3326, 6430, 7789, 866, 8290, 11474, 7446, 912, 2872, 5112, 5437, 10635, 10426, 3818, 2487, 13271, 4465, 5242, 10686, 1121, 3036, 8328, 746, 8262, 1389, 4711, 1349, 8695, 8420, 5691, 1774, 10053, 382, 12805]
Posterior scores: [358.3101824436018]
Spectral scores: [437.68291817893225]
Final scores: [374.18472959066787]

------------------------------
K1: [3]
K2: [13]
Spec_Max: 40
spec_indexes: [11554, 9937, 3671, 8052, 8313, 9846, 2337, 9979, 5860, 5584, 10162, 11187, 10189, 6631, 9110, 5435, 3051, 1135, 3249, 9103, 5063, 4779, 2254, 2669, 10250, 12116, 1350, 10352, 3955, 12144, 10946, 1497, 4056, 11108, 11680, 972, 11360, 2309, 10047, 12618, 9619, 10461, 1502, 8160, 12390, 7527, 1069, 12744, 1584, 4499, 6323, 3136, 13438, 3354, 12481, 5931, 3940, 7069, 1605, 2412, 6827, 12066, 5353, 6826, 2988, 2631, 7197, 5843, 10918, 10548, 11058, 1728, 1676, 90, 1629, 3030, 1696, 10999, 8856, 10085]
Posterior scores: [358.4783937126604]
Spectral scores: [414.548583191334]
Final scores: [369.6924316083951]

------------------------------
K1: [3]
K2: [15]
Spec_Max: 40
spec_indexes: [12413, 13149, 10952, 1540, 9316, 3086, 522, 6467, 9076, 7034, 2817, 13379, 2801, 12033, 10016, 5434, 6610, 4076, 987, 7949, 2187, 9288, 1234, 8320, 12272, 64, 609, 11189, 4488, 13025, 3032, 3312, 7565, 4119, 6153, 9560, 10828, 6938, 9283, 9847, 12697, 11328, 4236, 12507, 11604, 675, 3594, 786, 6281, 8951, 1038, 7209, 7869, 6990, 11969, 9553, 7149, 4317, 3445, 289, 12581, 3050, 8044, 12465, 6337, 1745, 11234, 8, 10752, 2662, 1066, 10396, 12370, 1869, 3830, 3790, 3157, 10242, 2889, 10873]
Posterior scores: [358.5354775710378]
Spectral scores: [456.482953118595]
Final scores: [378.12497268054926]

------------------------------
K1: [3]
K2: [17]
Spec_Max: 40
spec_indexes: [9152, 3935, 7429, 5779, 12982, 6821, 9084, 686, 4983, 10290, 12713, 1394, 10632, 5241, 11035, 2284, 10198, 4036, 1935, 1373, 13307, 11586, 13254, 10311, 7770, 6369, 1752, 1415, 12417, 2288, 11330, 13453, 7011, 13515, 4087, 12212, 4042, 5890, 6526, 8613, 3681, 8889, 7859, 3053, 3352, 10217, 11528, 1741, 10298, 9212, 683, 2987, 3317, 10621, 8262, 1692, 11957, 1390, 7097, 9314, 961, 414, 2142, 10922, 6665, 5159, 13510, 11269, 10422, 5346, 11336, 4055, 5082, 11222, 9190, 11939, 13080, 13096, 6953, 1222]
Posterior scores: [358.63680045549734]
Spectral scores: [448.06187941500264]
Final scores: [376.5218162473984]

------------------------------
K1: [3]
K2: [7]
Spec_Max: 40
spec_indexes: [10149, 10483, 3327, 4449, 1216, 3137, 1164, 11698, 2297, 3215, 7134, 4532, 10650, 674, 11736, 11359, 13527, 12332, 7593, 722, 1236, 12137, 8030, 5703, 10509, 11840, 70, 1188, 12488, 6645, 11517, 12591, 9447, 10256, 4062, 12186, 1599, 10418, 7220, 9305, 1538, 5422, 53, 10037, 5346, 10359, 7828, 10060, 12736, 5450, 11165, 12323, 5206, 3723, 5410, 3847, 2111, 4790, 365, 511, 252, 5626, 294, 2489, 5995, 7031, 9932, 1942, 10389, 12239, 4435, 1535, 2794, 4830, 30, 11401, 4441, 8961, 7756, 9627]
Posterior scores: [357.9548350024181]
Spectral scores: [453.30463847914433]
Final scores: [377.02479569776335]

------------------------------
K1: [3]
K2: [9]
Spec_Max: 40
spec_indexes: [5355, 616, 6224, 11154, 13165, 6935, 11947, 10511, 193, 663, 12613, 2102, 7902, 12866, 7082, 4403, 10925, 4471, 340, 9389, 282, 660, 10951, 1196, 1372, 6266, 5076, 11832, 10435, 10935, 5868, 5322, 12758, 4769, 11417, 7780, 1237, 12515, 2333, 8511, 10085, 3170, 3474, 7894, 5623, 2038, 11332, 12446, 952, 13243, 8809, 13223, 5689, 11263, 3543, 3016, 12725, 12763, 7375, 13506, 5788, 10765, 11844, 8456, 1781, 8717, 11207, 4329, 5116, 5419, 4515, 5592, 13400, 8467, 13262, 994, 8800, 11050, 13462, 6743]
Posterior scores: [358.3053778567424]
Spectral scores: [458.84181412639475]
Final scores: [378.41266511067283]

------------------------------
K1: [3]
K2: [11]
Spec_Max: 40
spec_indexes: [5345, 2463, 4483, 7856, 8817, 4459, 3582, 4257, 9611, 10120, 5752, 10726, 10754, 3745, 1652, 5050, 12098, 9232, 6847, 11168, 5245, 9597, 2869, 10712, 71, 4396, 3100, 7918, 12391, 9423, 4835, 2121, 9996, 3434, 12023, 10913, 5379, 3975, 3098, 11062, 293, 6595, 9767, 3020, 10549, 10472, 233, 7784, 2449, 9428, 3976, 9635, 5855, 7059, 8433, 9863, 5946, 1706, 3644, 7215, 12054, 6265, 6254, 6227, 2877, 5740, 8401, 8825, 12600, 11612, 12449, 13158, 7859, 7783, 8537, 5283, 1729, 7390, 1810, 5390]
Posterior scores: [358.2911130210478]
Spectral scores: [436.4050148213466]
Final scores: [373.9138933811076]

------------------------------
K1: [3]
K2: [13]
Spec_Max: 40
spec_indexes: [382, 6767, 1849, 12503, 5141, 9028, 9552, 12104, 1438, 614, 4873, 11567, 3312, 2930, 11585, 99, 12825, 2163, 12373, 13287, 6729, 8113, 4158, 9066, 8166, 3850, 481, 11342, 11240, 6322, 7996, 8649, 12340, 8902, 8024, 5199, 10958, 10414, 12935, 2274, 12030, 9329, 5122, 11439, 10598, 12352, 164, 396, 3147, 26, 10152, 2449, 38, 9852, 6694, 8923, 295, 12772, 6787, 5370, 4139, 5238, 5463, 4216, 8100, 3476, 4013, 2624, 5965, 608, 9746, 12961, 6465, 12658, 2332, 9246, 1724, 2979, 11214, 6405]
Posterior scores: [358.55361482380187]
Spectral scores: [453.46426580597364]
Final scores: [377.5357450202362]

------------------------------
K1: [3]
K2: [15]
Spec_Max: 40
spec_indexes: [10787, 13383, 5136, 6595, 5065, 8686, 10010, 7222, 8394, 4845, 11521, 2870, 11825, 1523, 10194, 12960, 12121, 7421, 8262, 9990, 13028, 5141, 3916, 7639, 12795, 12010, 5385, 10917, 12209, 3241, 1409, 493, 6540, 12692, 7636, 1311, 2433, 6805, 3327, 675, 11057, 5574, 1730, 6335, 2524, 7348, 3155, 2136, 4672, 9065, 5176, 6828, 1223, 12369, 6685, 4111, 697, 6629, 10549, 168, 4312, 7308, 8125, 5444, 12642, 1196, 679, 11684, 7425, 7224, 3529, 4354, 8514, 13206, 10492, 12469, 9673, 6409, 2374, 3783]
Posterior scores: [358.8087590875986]
Spectral scores: [443.5123799940184]
Final scores: [375.74948326888256]

------------------------------
K1: [3]
K2: [17]
Spec_Max: 40
spec_indexes: [10462, 11422, 13157, 4570, 2830, 3068, 153, 10391, 8375, 3006, 9767, 11967, 13402, 12581, 11831, 12106, 10845, 8841, 4263, 12515, 1407, 13459, 12446, 5066, 11653, 803, 12092, 13490, 1707, 9790, 10008, 7154, 10505, 2058, 6347, 1254, 7805, 11938, 4020, 3958, 4069, 10653, 12025, 3759, 9249, 12746, 8552, 10070, 10342, 3657, 6278, 2046, 12897, 8616, 3622, 10883, 9009, 2705, 6087, 3797, 12928, 13359, 1091, 10335, 5554, 13076, 4035, 11355, 8854, 6060, 3165, 1668, 12671, 11874, 2671, 4283, 1400, 8203, 9693, 7084]
Posterior scores: [358.8447433654613]
Spectral scores: [458.09173336142084]
Final scores: [378.69414136465315]

------------------------------
K1: [3]
K2: [19]
Spec_Max: 40
spec_indexes: [4268, 802, 431, 1210, 3803, 12084, 1637, 13034, 4818, 11464, 7324, 9497, 4543, 8548, 12233, 6234, 5526, 9993, 6389, 10297, 4304, 10953, 7208, 8782, 3913, 8802, 11572, 4378, 5670, 9811, 12468, 2258, 11776, 10135, 1148, 7331, 8098, 8200, 5231, 291, 1975, 11112, 10944, 8643, 11145, 11817, 9501, 11678, 12674, 1103, 521, 6909, 5358, 11042, 1807, 11015, 10192, 9345, 3450, 12107, 12825, 13262, 5436, 5831, 3138, 10877, 6152, 5625, 10305, 7498, 9384, 1891, 5127, 1362, 11425, 7638, 8419, 7561, 1740, 4905]
Posterior scores: [358.67457658692655]
Spectral scores: [429.111046595183]
Final scores: [372.76187058857784]

------------------------------
K1: [3]
K2: [121]
Spec_Max: 40
spec_indexes: [101, 3590, 6558, 658, 3013, 5366, 4111, 6170, 5164, 8475, 12226, 10835, 4074, 10469, 1562, 13288, 8153, 9628, 4370, 4789, 13232, 6532, 1952, 8526, 7409, 12457, 3317, 13448, 3918, 6702, 2137, 12538, 9178, 6416, 11921, 3421, 11571, 9677, 6125, 11813, 5797, 10405, 1264, 9111, 12049, 7507, 5170, 4731, 3374, 10576, 4975, 5722, 4327, 12298, 6817, 3145, 5469, 6055, 5747, 4339, 7307, 9981, 8948, 12728, 13107, 10167, 5748, 6682, 955, 4285, 5370, 4355, 7250, 7229, 10406, 13250, 11771, 1967, 5426, 335]
Posterior scores: [361.5615295579553]
Spectral scores: [457.6271774804376]
Final scores: [380.7746591424517]

------------------------------
K1: [5]
K2: [1]
Spec_Max: 40
spec_indexes: [5716, 9652, 6315, 8395, 8763, 607, 4960, 2853, 7979, 4687, 10631, 13469, 11800, 4610, 20, 9700, 633, 5974, 11653, 8214, 5128, 3533, 8326, 13147, 11923, 7708, 6012, 7793, 6228, 3982, 6223, 6256, 12969, 10536, 2280, 12873, 7810, 13397, 3717, 3940, 9137, 12961, 5615, 6695, 4242, 7044, 11485, 2957, 6587, 3105, 2674, 972, 7682, 6349, 12130, 9591, 11857, 11904, 9537, 11061, 5437, 3249, 7787, 2777, 2059, 5181, 13475, 11443, 1322, 9909, 1729, 6869, 2586, 5259, 3525, 13460, 10741, 6903, 9900, 10197]
Posterior scores: [361.59700090198805]
Spectral scores: [444.50532743733646]
Final scores: [378.1786662090577]

------------------------------
K1: [5]
K2: [3]
Spec_Max: 40
spec_indexes: [1787, 13184, 2999, 13253, 4843, 10686, 8027, 11506, 8631, 12731, 11094, 1334, 12412, 10561, 3435, 12241, 7113, 2615, 11994, 3787, 12204, 11181, 13174, 10793, 11945, 4633, 12802, 1276, 2908, 2235, 6473, 3634, 11511, 9201, 3574, 12879, 8112, 4097, 7970, 22, 9252, 7462, 11290, 4551, 12359, 9015, 3259, 4994, 717, 12270, 549, 7773, 10506, 6851, 7261, 9306, 48, 2757, 11520, 6762, 1323, 9506, 6308, 6868, 11714, 5417, 6838, 6975, 3071, 527, 7279, 8464, 438, 12395, 1918, 7075, 6953, 4459, 10495, 9340]
Posterior scores: [362.3656580724136]
Spectral scores: [712.4593228759516]
Final scores: [432.3843910331212]
Tempo totale : 1741596278.2808642

------------------------------
K1: [5]
K2: [3]
Spec_Max: 40
spec_indexes: [12605, 6763, 10923, 4569, 4478, 10357, 9537, 6018, 2518, 6285, 4049, 7467, 1383, 10820, 11050, 302, 4872, 37, 4417, 6591, 4272, 10697, 11805, 13044, 6393, 6531, 8191, 9128, 7663, 9208, 1474, 4661, 7907, 2874, 7371, 6800, 11139, 6895, 12967, 247, 7637, 10628, 8752, 6482, 13460, 2869, 10754, 6636, 8665, 12324, 1033, 4759, 1543, 7635, 10692, 13264, 9731, 4038, 3372, 6309, 723, 3000, 13052, 483, 1894, 2507, 7966, 8664, 12181, 7713, 8068, 11913, 8610, 9756, 9378, 9997, 2035, 11347, 2695, 4415]
Posterior scores: [362.37637004683995]
Spectral scores: [761.2421859414796]
Final scores: [442.14953322576787]

------------------------------
K1: [5]
K2: [3]
Spec_Max: 40
spec_indexes: [9736, 9988, 5259, 13090, 10246, 4929, 9622, 3113, 10452, 6372, 5878, 12151, 3311, 3496, 3609, 11685, 4311, 13017, 2076, 4869, 5165, 5751, 2696, 8476, 11422, 4082, 3882, 1924, 11310, 1225, 1748, 10716, 7414, 10738, 827, 9660, 5811, 671, 9484, 13063, 936, 12350, 12654, 7554, 2813, 4199, 9805, 12699, 2490, 548, 7533, 8360, 9240, 2454, 2485, 1156, 1705, 12720, 11418, 12740, 10831, 1030, 2118, 8619, 9755, 11650, 4348, 10416, 538, 6076, 1550, 408, 1048, 2356, 2504, 8376, 4039, 13433, 9677, 9025]
Posterior scores: [362.3445879286619]
Spectral scores: [748.3091158302734]
Final scores: [439.5374935089842]

------------------------------
K1: [5]
K2: [5]
Spec_Max: 40
spec_indexes: [6963, 1658, 10939, 5890, 8877, 11053, 10117, 3202, 8871, 5163, 7956, 628, 1381, 5452, 12748, 9612, 12678, 13305, 1379, 3619, 8440, 11699, 9900, 10450, 11731, 13286, 2834, 8759, 3239, 7615, 5251, 9734, 752, 7442, 13061, 10802, 12478, 5258, 4160, 12910, 2330, 8089, 6292, 2071, 12802, 11570, 4788, 12487, 3827, 3371, 11597, 7484, 8192, 16, 4227, 760, 649, 5999, 9440, 2677, 5614, 8796, 3791, 7875, 4580, 11132, 13109, 4995, 6911, 4020, 13135, 11912, 748, 405, 7705, 7092, 8198, 7172, 7497, 3418]
Posterior scores: [362.9340379105472]
Spectral scores: [722.1641108661057]
Final scores: [434.7800525016589]

------------------------------
K1: [5]
K2: [7]
Spec_Max: 40
spec_indexes: [4135, 3167, 1216, 10957, 5812, 12637, 8897, 8859, 3042, 4787, 13149, 9356, 10355, 9274, 1491, 1849, 1120, 877, 7670, 2550, 171, 9984, 9045, 2406, 11008, 11319, 1822, 4566, 1713, 9806, 13055, 7921, 12028, 10182, 13247, 8143, 8345, 9051, 9393, 10233, 7762, 60, 2765, 7600, 6616, 1254, 13185, 8556, 2696, 11187, 11760, 6928, 968, 13176, 11790, 5028, 1359, 249, 7806, 11867, 3480, 3501, 13437, 11321, 13509, 7517, 2439, 9570, 6012, 10889, 2608, 155, 4441, 10529, 10296, 10397, 5668, 4113, 9495, 256]
Posterior scores: [363.29019197785334]
Spectral scores: [436.180921592835]
Final scores: [377.86833790084967]

------------------------------
K1: [5]
K2: [9]
Spec_Max: 40
spec_indexes: [8212, 1698, 10718, 8391, 1847, 5184, 659, 6632, 12300, 1253, 4532, 2630, 12789, 5965, 2238, 6479, 13424, 9484, 13501, 1026, 4294, 12016, 11098, 9304, 12374, 1457, 6177, 13405, 2495, 8952, 4113, 7988, 6452, 4987, 2781, 13384, 2948, 8151, 13299, 5726, 9569, 8730, 2387, 690, 7312, 6584, 5881, 3987, 6914, 1236, 9038, 8623, 10645, 9585, 4676, 12517, 11198, 7060, 5829, 8130, 12876, 8418, 973, 12552, 12765, 4253, 12541, 2710, 1002, 11757, 10280, 3675, 9385, 4235, 651, 2243, 11519, 240, 2633, 1496]
Posterior scores: [363.46092289077086]
Spectral scores: [444.45802699531686]
Final scores: [379.66034371168]

------------------------------
K1: [5]
K2: [11]
Spec_Max: 40
spec_indexes: [10015, 8897, 652, 13011, 12591, 10827, 5589, 10954, 3964, 8851, 7420, 5579, 10185, 11247, 10519, 5531, 9199, 8330, 8977, 1259, 10199, 921, 8799, 6595, 5580, 10897, 8427, 2795, 2444, 2249, 4478, 3793, 10606, 4002, 9865, 8039, 2586, 4268, 5314, 8374, 12909, 11071, 182, 8513, 2803, 536, 1666, 7268, 5967, 730, 12872, 9768, 10775, 535, 9418, 10630, 13423, 10559, 1928, 31, 11532, 3022, 12363, 5342, 10839, 2055, 1256, 11751, 1495, 12619, 6717, 4752, 6561, 1239, 9018, 785, 8827, 1314, 2252, 1911]
Posterior scores: [363.5401283113049]
Spectral scores: [466.60875537907157]
Final scores: [384.1538537248582]

------------------------------
K1: [5]
K2: [19]
Spec_Max: 40
spec_indexes: [205, 2291, 7377, 319, 10918, 3534, 44, 4530, 4991, 529, 1911, 13194, 11261, 3144, 11382, 1792, 8131, 4266, 4240, 12558, 6602, 12547, 2979, 1819, 8380, 2763, 4714, 7594, 4874, 7237, 5251, 6159, 9686, 7057, 2268, 919, 6884, 12380, 3565, 7184, 9768, 3709, 3650, 8816, 5779, 10515, 3646, 6409, 12640, 3865, 12614, 7408, 6214, 8654, 11664, 3702, 12553, 3455, 394, 587, 8117, 2655, 3772, 9601, 716, 2608, 8235, 12166, 8266, 9423, 1688, 390, 8213, 475, 1377, 5468, 28, 6169, 2289, 1070]
Posterior scores: [364.29563116847515]
Spectral scores: [433.69589087451897]
Final scores: [378.1756831096839]

------------------------------
K1: [5]
K2: [21]
Spec_Max: 40
spec_indexes: [4359, 13414, 529, 4670, 11206, 12923, 38, 3230, 7399, 5857, 7951, 4907, 9533, 12474, 11135, 1600, 6187, 4691, 2863, 7626, 794, 8912, 2712, 10288, 9515, 158, 5672, 3760, 13024, 9562, 10302, 8959, 8706, 5450, 8530, 2135, 13002, 7997, 2322, 7193, 12956, 2822, 8618, 8567, 8492, 12449, 8496, 2949, 3017, 6023, 5342, 10737, 2451, 10768, 11367, 6709, 12563, 5054, 8641, 10583, 4950, 2788, 2467, 6234, 4507, 1125, 1794, 2581, 2557, 9456, 6240, 8474, 5533, 6531, 1966, 4198, 1169, 11900, 2228, 10252]
Posterior scores: [364.22094188790777]
Spectral scores: [432.8869479093108]
Final scores: [377.95414309218836]

------------------------------
K1: [7]
K2: [1]
Spec_Max: 40
spec_indexes: [12144, 8323, 5697, 10269, 2012, 1924, 10955, 7010, 11339, 7579, 4136, 4768, 7690, 13410, 8542, 4666, 11456, 613, 1723, 6723, 1221, 11044, 7731, 5543, 10731, 393, 6363, 11319, 2964, 3729, 1678, 11501, 8649, 1894, 1621, 3723, 2772, 2390, 5087, 12753, 9236, 2441, 3826, 3753, 4816, 1978, 1817, 7649, 9778, 9425, 8172, 2011, 5749, 9027, 2380, 4117, 911, 9176, 9451, 9770, 1130, 9754, 6289, 13523, 5003, 7170, 920, 7572, 7169, 10075, 6024, 69, 11224, 2773, 11008, 12153, 5115, 2560, 8350, 11382]
Posterior scores: [361.42848429346986]
Spectral scores: [454.5642197442694]
Final scores: [380.0556313836298]

------------------------------
K1: [7]
K2: [3]
Spec_Max: 40
spec_indexes: [9327, 12392, 4409, 1109, 8279, 10005, 948, 3278, 4580, 12230, 3168, 6388, 10772, 6811, 6148, 2786, 1614, 3189, 5863, 1368, 5208, 118, 1847, 12315, 10882, 5188, 6170, 11892, 4733, 3287, 3114, 8737, 10990, 8835, 10654, 8165, 13368, 7391, 5727, 9906, 6771, 7431, 4974, 6671, 8792, 8639, 6275, 10220, 4404, 12623, 7093, 6161, 10770, 8053, 13414, 3621, 4369, 3328, 1336, 8304, 7026, 10734, 1323, 11509, 529, 2817, 4167, 8684, 11112, 8415, 188, 8970, 13427, 5991, 2832, 9576, 1601, 6146, 5408, 9763]
Posterior scores: [362.3594621127494]
Spectral scores: [451.4914211139154]
Final scores: [380.1858539129826]

------------------------------
K1: [7]
K2: [5]
Spec_Max: 40
spec_indexes: [9584, 7236, 11763, 6531, 10759, 9510, 886, 11307, 10411, 12367, 8033, 6140, 10925, 757, 13323, 1203, 10609, 4992, 12125, 9952, 10446, 2603, 12964, 6295, 4044, 3673, 12411, 5583, 11594, 157, 225, 8550, 11647, 3932, 10752, 2946, 8319, 2754, 8558, 1582, 6782, 10903, 429, 2904, 6479, 9110, 9967, 6360, 1801, 10537, 12764, 818, 3436, 12039, 7627, 2765, 13338, 7183, 4202, 5324, 7285, 11568, 3712, 3323, 2548, 5812, 5248, 10172, 10523, 3307, 6593, 5662, 388, 5235, 8664, 2858, 10483, 10254, 9505, 12064]
Posterior scores: [363.1588137179035]
Spectral scores: [427.1553783977928]
Final scores: [375.9581266538814]

------------------------------
K1: [7]
K2: [7]
Spec_Max: 40
spec_indexes: [12851, 6637, 6219, 7956, 1464, 11554, 9445, 1484, 4275, 10146, 11512, 965, 5935, 7837, 3686, 11840, 7112, 5469, 9777, 2572, 12355, 2752, 12539, 8682, 9540, 12736, 12519, 5580, 5294, 11130, 9744, 12678, 8897, 9393, 7515, 3977, 3018, 7619, 6318, 11156, 8274, 6811, 10341, 1269, 8693, 10159, 8543, 3340, 8838, 13299, 3418, 6358, 5241, 12037, 4704, 9155, 13202, 10250, 2408, 13184, 3906, 7775, 11408, 12881, 5967, 4113, 9320, 6802, 13477, 7650, 12750, 812, 9446, 3677, 10192, 12189, 10286, 6259, 5409, 8465]
Posterior scores: [363.5032568100582]
Spectral scores: [434.7808166010781]
Final scores: [377.75876876826214]

------------------------------
K1: [7]
K2: [9]
Spec_Max: 40
spec_indexes: [6217, 10501, 9809, 3576, 10240, 10690, 7171, 5701, 6706, 2441, 7945, 8759, 31, 5316, 7308, 6343, 3797, 7869, 12553, 1021, 453, 12483, 11337, 6048, 6901, 2284, 7555, 3883, 10982, 8878, 134, 9569, 10400, 7701, 6672, 5042, 4294, 33, 6699, 5394, 2229, 642, 6269, 8277, 4093, 6520, 10174, 4221, 5797, 1885, 169, 13038, 5826, 8302, 7850, 5970, 4529, 1981, 3004, 8894, 1608, 8186, 6023, 3055, 8882, 10688, 6685, 8730, 10587, 8295, 8540, 12934, 7395, 10561, 13066, 7806, 3914, 5067, 8911, 4204]
Posterior scores: [363.75100734206416]
Spectral scores: [447.78798050519543]
Final scores: [380.5584019746904]

------------------------------
K1: [7]
K2: [11]
Spec_Max: 40
spec_indexes: [8769, 12150, 8164, 132, 4180, 1630, 12365, 5671, 10300, 5939, 12217, 6178, 3722, 610, 11325, 8584, 11030, 11423, 2960, 13026, 5191, 1875, 2359, 6002, 793, 6210, 7910, 10313, 13077, 13523, 3095, 10022, 12287, 3955, 3972, 1618, 977, 11438, 8704, 11457, 3014, 1244, 5554, 3610, 5987, 7967, 580, 6531, 9293, 12919, 11997, 7526, 9011, 1470, 7246, 9172, 2006, 8724, 9416, 12396, 7679, 6232, 2926, 9211, 11236, 1745, 5216, 1771, 3092, 6272, 2886, 8559, 9008, 13374, 9269, 3324, 2221, 8046, 711, 10929]
Posterior scores: [363.89673973765935]
Spectral scores: [417.0670881365594]
Final scores: [374.53080941743934]

------------------------------
K1: [7]
K2: [13]
Spec_Max: 40
spec_indexes: [6791, 7443, 13207, 7724, 7385, 10463, 2072, 6737, 8373, 12492, 12880, 11919, 3645, 12225, 11501, 3099, 8091, 1401, 3323, 7265, 10546, 5940, 3389, 829, 10446, 558, 12370, 12583, 12294, 9998, 5720, 6043, 840, 8723, 5637, 2827, 3569, 9265, 13026, 2824, 10421, 7523, 12721, 10800, 1903, 7628, 6896, 9799, 9201, 1079, 7216, 3237, 132, 12708, 10783, 7756, 7755, 5106, 1769, 6905, 1591, 12008, 1118, 12717, 7076, 12288, 4557, 11921, 12201, 3539, 12735, 2907, 6027, 319, 990, 4917, 4171, 7600, 11773, 8764]
Posterior scores: [364.04765635685743]
Spectral scores: [432.7074999020848]
Final scores: [377.7796250659029]

------------------------------
K1: [7]
K2: [15]
Spec_Max: 40
spec_indexes: [11538, 10186, 10986, 10751, 12035, 8470, 8794, 4439, 8959, 1863, 2361, 12880, 6637, 10842, 5424, 431, 5228, 12612, 12097, 933, 6602, 1366, 12324, 7218, 690, 5119, 3725, 10093, 9268, 7133, 13074, 3887, 6241, 7327, 13281, 4373, 1416, 12191, 3532, 1139, 8879, 12435, 437, 10951, 8362, 7985, 2224, 7338, 2920, 5465, 10979, 10221, 5444, 4540, 5146, 13371, 3864, 8117, 10250, 10700, 7038, 6684, 12606, 583, 1942, 1491, 5722, 12581, 4632, 13261, 12434, 13015, 13433, 13501, 11203, 7581, 9333, 4707, 986, 5784]
Posterior scores: [364.2679526523793]
Spectral scores: [430.87738358694713]
Final scores: [377.58983883929284]

------------------------------
K1: [7]
K2: [17]
Spec_Max: 40
spec_indexes: [1116, 10676, 13162, 2580, 6203, 8330, 7682, 3878, 12534, 5762, 9727, 6491, 10795, 5936, 1340, 10672, 2285, 12547, 8842, 13220, 9960, 2560, 5789, 7110, 4837, 11511, 6226, 12039, 740, 1843, 12890, 19, 10087, 9421, 8794, 11103, 10761, 8784, 8536, 7247, 769, 555, 878, 12543, 13153, 9008, 13341, 4720, 682, 2192, 1823, 8879, 8939, 8011, 12686, 13510, 12637, 848, 2425, 2557, 11335, 2037, 12441, 12343, 3450, 8755, 6550, 5728, 4253, 12445, 6892, 7208, 938, 12058, 11788, 7067, 5026, 4192, 6970, 12016]
Posterior scores: [364.1662722855277]
Spectral scores: [454.50037056793735]
Final scores: [382.23309194200965]

------------------------------
K1: [7]
K2: [19]
Spec_Max: 40
spec_indexes: [6190, 1323, 4604, 1789, 12374, 11838, 8281, 1381, 10578, 2500, 7869, 10914, 5562, 11693, 12019, 13015, 214, 6362, 7424, 12608, 6902, 11816, 10158, 8320, 12858, 6634, 4011, 513, 10055, 3386, 505, 3848, 467, 1510, 1859, 3919, 6791, 13524, 11500, 2447, 989, 11563, 11348, 815, 1550, 9833, 6522, 9977, 3307, 8484, 12310, 625, 596, 4633, 11018, 6965, 5927, 6906, 8195, 4948, 7962, 8398, 807, 4819, 6623, 10393, 11809, 4610, 12458, 2714, 12350, 1117, 12732, 11268, 12841, 3119, 12508, 4623, 10554, 5855]
Posterior scores: [364.4578814635086]
Spectral scores: [471.314143951918]
Final scores: [385.8291339611905]

------------------------------
K1: [7]
K2: [21]
Spec_Max: 40
spec_indexes: [4285, 3082, 2405, 13277, 12799, 4204, 9432, 4351, 10049, 4206, 10623, 8895, 13480, 4514, 4765, 8974, 6834, 5667, 5123, 10602, 10110, 545, 11467, 9806, 9997, 13438, 5818, 10780, 4404, 942, 4971, 11961, 9155, 6774, 1639, 2132, 8882, 12154, 6091, 1767, 13369, 13131, 10276, 6628, 6484, 10600, 9807, 8719, 2381, 5511, 1893, 7860, 10848, 7011, 940, 6875, 4503, 9588, 175, 5321, 11012, 11319, 2125, 8858, 8366, 4454, 7169, 6993, 5593, 4776, 4722, 1712, 12710, 4600, 4889, 2676, 7519, 1864, 1141, 12288]
Posterior scores: [364.4299020424839]
Spectral scores: [427.8728195080774]
Final scores: [377.1184855356026]

------------------------------
K1: [9]
K2: [1]
Spec_Max: 40
spec_indexes: [5395, 8294, 2406, 3236, 5036, 6718, 6846, 5131, 425, 3413, 3737, 9645, 7080, 7608, 10989, 6751, 8154, 6812, 2435, 8719, 10575, 11822, 1018, 8453, 9708, 4355, 8234, 9455, 10549, 10963, 10639, 5748, 13220, 3277, 5480, 750, 4192, 4190, 6179, 7088, 5543, 13445, 12233, 4095, 6740, 7094, 8085, 1111, 6766, 2625, 5133, 7831, 5741, 12740, 4023, 11116, 1131, 1265, 10591, 2957, 4717, 3130, 5094, 8174, 9124, 7215, 820, 12481, 4460, 1235, 2965, 4808, 4437, 4668, 573, 564, 8175, 13324, 7415, 9769]
Posterior scores: [362.40540539736736]
Spectral scores: [421.1889926238211]
Final scores: [374.16212284265805]

------------------------------
K1: [9]
K2: [3]
Spec_Max: 40
spec_indexes: [11056, 7201, 367, 13149, 7148, 12972, 1132, 3131, 3348, 10731, 12515, 4252, 10846, 11387, 5784, 4072, 13447, 3330, 3356, 12883, 10399, 2411, 2888, 8089, 10694, 2041, 5159, 6961, 9253, 5512, 940, 6694, 10301, 3812, 4636, 12055, 11908, 3529, 8474, 9288, 233, 13192, 1684, 765, 4147, 8702, 3170, 9160, 4178, 5904, 7854, 13460, 6185, 5966, 4717, 2797, 13423, 25, 4499, 4353, 2658, 79, 7751, 10854, 1154, 1087, 10252, 605, 6112, 252, 9770, 5748, 9663, 8004, 3656, 567, 10181, 8601, 10450, 8039]
Posterior scores: [363.48688026238204]
Spectral scores: [471.4544327450543]
Final scores: [385.0803907589165]

------------------------------
K1: [9]
K2: [5]
Spec_Max: 40
spec_indexes: [8012, 8673, 4403, 3565, 13267, 11352, 5725, 5879, 7434, 4213, 12667, 5298, 6824, 6427, 2062, 9712, 5861, 9217, 1747, 5909, 638, 2552, 10693, 9648, 9719, 12916, 4456, 11624, 4996, 372, 6943, 11832, 4970, 11728, 6377, 2153, 12096, 7978, 214, 13025, 1536, 12002, 12035, 10912, 599, 4264, 3560, 12606, 8852, 4978, 1215, 5781, 5064, 6412, 6396, 12595, 8025, 7340, 10918, 9241, 7800, 7643, 3368, 11705, 7513, 9909, 4140, 331, 2105, 5540, 11002, 7229, 10286, 11164, 3899, 2781, 9162, 12338, 9247, 11082]
Posterior scores: [364.4422305162263]
Spectral scores: [438.9402808604949]
Final scores: [379.34184058508]

------------------------------
K1: [9]
K2: [7]
Spec_Max: 40
spec_indexes: [11517, 7368, 12548, 5745, 10217, 5992, 7259, 8650, 4388, 10919, 7898, 11735, 3933, 7004, 84, 11576, 10510, 9112, 10477, 3112, 6325, 12099, 11770, 4259, 8766, 6796, 7928, 7632, 3114, 12284, 1357, 7115, 11867, 9794, 189, 6685, 5214, 2856, 2919, 1215, 3117, 6761, 9328, 198, 12786, 6527, 4428, 4579, 11047, 13095, 11453, 6741, 7491, 8472, 11806, 1362, 2367, 2215, 4279, 1461, 9353, 4875, 8743, 9416, 11128, 12890, 9092, 10021, 5628, 1425, 8721, 12702, 9625, 13392, 2046, 2182, 6484, 4548, 1657, 3608]
Posterior scores: [364.71297986161403]
Spectral scores: [431.3111988996069]
Final scores: [378.03262366921257]

------------------------------
K1: [9]
K2: [9]
Spec_Max: 40
spec_indexes: [11967, 10323, 2707, 6544, 3071, 4227, 4762, 13406, 6982, 1598, 8754, 7044, 13430, 7542, 11942, 2207, 12054, 8446, 6560, 1594, 1481, 4990, 9404, 4766, 4404, 6833, 590, 7309, 9881, 6296, 10688, 168, 5755, 266, 1579, 6797, 1978, 5336, 9983, 3685, 12082, 5704, 6139, 5052, 2405, 121, 11707, 2011, 10728, 6705, 11590, 7740, 5338, 8954, 8120, 8052, 13299, 11314, 5353, 1155, 4726, 13024, 4001, 5046, 1168, 7575, 8933, 137, 9025, 6683, 6875, 1700, 5842, 11787, 3796, 12259, 8126, 707, 2641, 10018]
Posterior scores: [364.83678643706554]
Spectral scores: [435.51415827375195]
Final scores: [378.9722608044028]

------------------------------
K1: [9]
K2: [11]
Spec_Max: 40
spec_indexes: [11659, 6762, 3672, 9778, 10341, 11702, 10027, 5192, 4048, 8508, 6682, 8517, 6768, 10077, 8982, 3211, 11983, 458, 10465, 4476, 6521, 9414, 4120, 4288, 2624, 12766, 11597, 12484, 13005, 10276, 593, 4797, 5661, 13367, 11189, 3038, 401, 1574, 12569, 12365, 2949, 11736, 3748, 9936, 741, 2392, 3909, 1842, 10010, 9887, 4268, 11971, 4876, 6680, 9087, 5781, 8965, 12653, 3940, 2828, 12758, 10657, 6302, 8166, 7515, 6692, 5097, 13460, 4310, 1289, 7122, 13282, 6538, 5967, 11984, 4407, 2425, 8894, 5295, 5194]
Posterior scores: [365.2449954060585]
Spectral scores: [431.7706991422132]
Final scores: [378.55013615328943]

------------------------------
K1: [9]
K2: [13]
Spec_Max: 40
spec_indexes: [6350, 9217, 6201, 5821, 7897, 10820, 1290, 6130, 13157, 12998, 2761, 5267, 1069, 6989, 3896, 8188, 9817, 10145, 3489, 3945, 8603, 1261, 4130, 4445, 5133, 3361, 10969, 10648, 13259, 4835, 13428, 3390, 7829, 9191, 945, 3903, 12882, 3528, 1771, 513, 9073, 7197, 5774, 7789, 1133, 11958, 6578, 8653, 3739, 12814, 1462, 8006, 2705, 4399, 7375, 6679, 9238, 4935, 10532, 11582, 992, 1388, 413, 7192, 7133, 9615, 12842, 4077, 3435, 10679, 1642, 11902, 12759, 11667, 2994, 7010, 10927, 847, 6520, 10899]
Posterior scores: [365.3018821706063]
Spectral scores: [444.4849685539052]
Final scores: [381.1384994472661]

------------------------------
K1: [9]
K2: [15]
Spec_Max: 40
spec_indexes: [6280, 1779, 8121, 4875, 1091, 5523, 852, 13244, 11752, 12381, 12207, 9108, 3452, 2260, 9713, 9438, 56, 12847, 2967, 7268, 1581, 9070, 36, 12375, 7597, 963, 6770, 7161, 10580, 7868, 3737, 1103, 1843, 6781, 10563, 5625, 1570, 11645, 5315, 5866, 4706, 11457, 6398, 4489, 4658, 10275, 13093, 13048, 1636, 5031, 2066, 8525, 1088, 12384, 2292, 1363, 3079, 6127, 8355, 6099, 13300, 8162, 8326, 10413, 10977, 11250, 7548, 10464, 4924, 3878, 9988, 10927, 10705, 8941, 127, 3970, 11409, 3017, 2588, 11342]
Posterior scores: [365.6041164211084]
Spectral scores: [460.6070827525021]
Final scores: [384.6047096873871]

------------------------------
K1: [9]
K2: [17]
Spec_Max: 20
spec_indexes: [3087, 12082, 7931, 7061, 11838, 7447, 5226, 2536, 8599, 5120, 10289, 9454, 8033, 7333, 7113, 9829, 5075, 1078, 5695, 12259, 6712, 8270, 9770, 3894, 12691, 7578, 6741, 798, 12919, 8011, 8584, 7674, 13367, 13200, 12131, 1464, 5722, 13361, 7249, 11443]
Posterior scores: [365.65401027793143]
Spectral scores: [424.056357762756]
Final scores: [377.33447977489635]

------------------------------
K1: [9]
K2: [19]
Spec_Max: 20
spec_indexes: [8010, 5759, 3128, 10415, 2746, 11952, 6721, 2953, 3519, 244, 2094, 2433, 9147, 6118, 8389, 13295, 4639, 10572, 9022, 12625, 1013, 1208, 9210, 4502, 8811, 9875, 13263, 1808, 10041, 10573, 576, 3573, 8689, 12312, 2426, 7272, 1480, 11430, 11527, 6390]
Posterior scores: [365.8415320560363]
Spectral scores: [438.11799485708127]
Final scores: [380.2968246162453]

------------------------------
K1: [9]
K2: [21]
Spec_Max: 20
spec_indexes: [1103, 13225, 8574, 1924, 5971, 1412, 2644, 13413, 4973, 4788, 12101, 7583, 11762, 2959, 12424, 10335, 4722, 11263, 13471, 4428, 9696, 10615, 5376, 505, 2580, 1255, 1869, 8825, 9352, 8765, 13431, 4651, 4812, 3296, 11541, 11641, 6541, 2043, 7099, 3883]
Posterior scores: [365.65059064209663]
Spectral scores: [427.86149527343366]
Final scores: [378.092771568364]

------------------------------
K1: [9]
K2: [5]
Spec_Max: 20
spec_indexes: [13310, 7244, 4255, 9208, 3794, 13445, 6263, 2505, 1372, 12773, 93, 3350, 5596, 7211, 2100, 6895, 9169, 25, 1513, 12249, 12548, 12105, 8046, 1437, 11569, 9040, 10020, 9493, 773, 9333, 4885, 4499, 257, 8412, 12460, 5285, 13106, 6854, 4910, 4989]
Posterior scores: [364.4171880371979]
Spectral scores: [453.7472241866261]
Final scores: [382.2831952670835]

------------------------------
K1: [11]
K2: [1]
Spec_Max: 20
spec_indexes: [9652, 3014, 5743, 262, 528, 12079, 8783, 5068, 11831, 9971, 12186, 10819, 11506, 4415, 9519, 4923, 944, 1513, 4789, 11007, 6898, 13188, 8511, 6370, 9148, 8227, 6607, 6946, 3184, 11343, 3433, 13265, 5092, 294, 1378, 1602, 2763, 1340, 2898, 9655]
Posterior scores: [364.2571453062977]
Spectral scores: [478.70961355499867]
Final scores: [387.1476389560379]

------------------------------
K1: [11]
K2: [3]
Spec_Max: 20
spec_indexes: [6470, 11260, 361, 4333, 7713, 13062, 935, 6612, 2297, 12137, 10047, 980, 10573, 677, 4943, 8252, 11302, 1659, 2930, 10074, 12907, 4843, 2868, 7126, 3571, 6811, 8596, 10680, 6407, 3296, 12244, 6077, 316, 7922, 345, 11095, 2218, 4810, 2418, 7165]
Posterior scores: [365.3354977332144]
Spectral scores: [491.2169808912505]
Final scores: [390.51179436482164]

------------------------------
K1: [11]
K2: [5]
Spec_Max: 20
spec_indexes: [9994, 5353, 6203, 1357, 5544, 7993, 9031, 1606, 5501, 6610, 12761, 4409, 2252, 9762, 5496, 188, 11177, 1209, 12763, 5938, 10190, 10197, 11883, 2502, 592, 12643, 4248, 7254, 4684, 2202, 9142, 9133, 11393, 3340, 5832, 4026, 850, 7805, 10745, 815]
Posterior scores: [366.268264745925]
Spectral scores: [429.72534497924]
Final scores: [378.959680792588]

------------------------------
K1: [11]
K2: [7]
Spec_Max: 20
spec_indexes: [5598, 9823, 12204, 11225, 10889, 12038, 6750, 10531, 4421, 2729, 10814, 10728, 11678, 11582, 5866, 2983, 9788, 11259, 12654, 10253, 6327, 1021, 4164, 12719, 498, 11567, 9652, 8688, 11762, 7477, 1863, 4405, 7415, 4856, 4834, 3730, 3486, 11377, 6326, 11409]
Posterior scores: [366.55972914646543]
Spectral scores: [459.9775781108086]
Final scores: [385.24329893933407]

------------------------------
K1: [11]
K2: [9]
Spec_Max: 20
spec_indexes: [3361, 11948, 12461, 657, 2237, 2319, 13439, 11371, 324, 4342, 3326, 4397, 12992, 5644, 2874, 2679, 422, 5402, 6945, 10760, 7068, 5031, 9565, 5199, 2221, 1128, 4902, 8893, 3273, 9155, 13475, 11767, 504, 6843, 6069, 343, 1006, 1756, 10458, 10504]
Posterior scores: [366.8857942489243]
Spectral scores: [426.05318206302326]
Final scores: [378.7192718117441]

------------------------------
K1: [11]
K2: [11]
Spec_Max: 20
spec_indexes: [11096, 11138, 2468, 7300, 4971, 1617, 4301, 8900, 7316, 9379, 6335, 11695, 10934, 7274, 11638, 912, 4707, 12374, 4811, 11250, 11765, 10113, 4252, 9353, 10447, 308, 3987, 7076, 12629, 6397, 6152, 7214, 6198, 4165, 10192, 12879, 1983, 394, 1657, 12473]
Posterior scores: [364.9973374937928]
Spectral scores: [419.813326158656]
Final scores: [375.96053522676544]

------------------------------
K1: [11]
K2: [13]
Spec_Max: 20
spec_indexes: [1491, 12451, 2102, 8544, 13021, 9579, 2352, 7739, 11241, 6920, 11117, 11513, 13010, 1089, 6332, 2193, 12085, 8232, 10325, 5714, 5845, 8149, 8306, 10176, 2940, 3671, 3135, 7878, 7678, 1349, 12348, 11209, 10722, 992, 5875, 12362, 7596, 8342, 10985, 219]
Posterior scores: [366.94325419869637]
Spectral scores: [429.72741779113375]
Final scores: [379.5000869171838]

------------------------------
K1: [11]
K2: [15]
Spec_Max: 20
spec_indexes: [13422, 2731, 11857, 3125, 2880, 12677, 4534, 11367, 1975, 5618, 9830, 3932, 3874, 598, 4540, 1256, 11459, 9931, 3143, 10296, 3773, 1558, 1889, 1771, 3138, 3881, 12317, 4775, 5565, 2915, 3296, 6514, 2375, 3348, 3531, 2355, 5008, 2251, 6952, 8081]
Posterior scores: [367.4571942975303]
Spectral scores: [432.6164039829793]
Final scores: [380.4890362346201]

------------------------------
K1: [11]
K2: [17]
Spec_Max: 20
spec_indexes: [2102, 3497, 2841, 9816, 8179, 4660, 2232, 12843, 7964, 6915, 1505, 8854, 2808, 5026, 4119, 4097, 9855, 11180, 11905, 4193, 1969, 12129, 1740, 5671, 3724, 221, 11334, 5320, 10976, 763, 6993, 5648, 7464, 5723, 7758, 13018, 4446, 12072, 7059, 4128]
Posterior scores: [367.52622376626545]
Spectral scores: [485.2533454982548]
Final scores: [391.0716481126633]

------------------------------
K1: [11]
K2: [19]
Spec_Max: 20
spec_indexes: [11209, 12028, 2382, 13114, 5798, 6449, 7964, 9465, 4136, 8670, 4699, 9370, 5470, 4240, 10384, 9309, 9218, 9405, 13384, 8117, 9120, 11049, 3608, 93, 6, 6071, 6676, 10185, 9275, 3390, 4149, 477, 7984, 4521, 7579, 4543, 7839, 11769, 5852, 8532]
Posterior scores: [367.8906803938206]
Spectral scores: [438.03483171154903]
Final scores: [381.91951065736635]

------------------------------
K1: [11]
K2: [21]
Spec_Max: 20
spec_indexes: [7021, 9889, 13241, 682, 10581, 7314, 9539, 10209, 6975, 7511, 2099, 10854, 5455, 10873, 3363, 12052, 13528, 2605, 7005, 9096, 1179, 1741, 9735, 7003, 4309, 10704, 10236, 9965, 7998, 5544, 11015, 6964, 3393, 5902, 5270, 2747, 4473, 5713, 12117, 6382]
Posterior scores: [367.6730604305739]
Spectral scores: [469.14547495453814]
Final scores: [387.96754333536677]

------------------------------
K1: [13]
K2: [1]
Spec_Max: 20
spec_indexes: [10762, 5988, 2803, 1195, 9195, 1229, 3456, 10503, 9359, 6220, 9235, 7649, 6480, 2908, 12915, 8903, 4483, 2594, 4569, 10622, 11252, 12075, 1774, 3478, 3084, 7188, 8760, 871, 10227, 3011, 10431, 3083, 6763, 1031, 4743, 8603, 7336, 2331, 6908, 11169]
Posterior scores: [364.3609214259138]
Spectral scores: [424.62632456292476]
Final scores: [376.4140020533159]

------------------------------
K1: [13]
K2: [3]
Spec_Max: 20
spec_indexes: [2960, 5720, 5093, 5793, 2943, 7471, 2743, 4192, 12992, 672, 7141, 3744, 6655, 907, 12569, 2764, 6402, 10486, 3438, 7774, 546, 10933, 5016, 7444, 12917, 6579, 3547, 6322, 811, 8281, 1911, 12031, 601, 5598, 8510, 11735, 3321, 3455, 5630, 5556]
Posterior scores: [365.7770591631402]
Spectral scores: [482.03886028642165]
Final scores: [389.0294193877965]

------------------------------
K1: [13]
K2: [5]
Posterior scores: [366.7328431571478]
Spectral scores: [439.79308330873727]
Final scores: [381.3448911874657]

------------------------------
K1: [13]
K2: [7]
Posterior scores: [367.1869184820447]
Spectral scores: [430.81920357546494]
Final scores: [379.91337550072876]

------------------------------
K1: [13]
K2: [9]
Posterior scores: [367.4293788922016]
Spectral scores: [417.67729364871263]
Final scores: [377.47896184350384]

------------------------------
K1: [13]
K2: [11]
Posterior scores: [367.54565292859957]
Spectral scores: [409.8563334574662]
Final scores: [376.0077890343729]

------------------------------
K1: [13]
K2: [13]
Posterior scores: [367.96280440684995]
Spectral scores: [418.3902566224459]
Final scores: [378.0482948499691]

------------------------------
K1: [13]
K2: [15]
Posterior scores: [368.25482809080245]
Spectral scores: [476.64217272235754]
Final scores: [389.93229701711346]

------------------------------
K1: [13]
K2: [17]
Posterior scores: [368.3388097148734]
Spectral scores: [475.60512451075147]
Final scores: [389.792072674049]

------------------------------
K1: [13]
K2: [19]
Posterior scores: [368.5034686995269]
Spectral scores: [470.4041458814896]
Final scores: [388.8836041359194]

------------------------------
K1: [13]
K2: [21]
Posterior scores: [368.80121814017406]
Spectral scores: [423.40319481084623]
Final scores: [379.72161347430847]

------------------------------
K1: [15]
K2: [1]
Posterior scores: [364.19312779924286]
Spectral scores: [459.95224551649864]
Final scores: [383.344951342694]

------------------------------
K1: [15]
K2: [3]
Posterior scores: [365.68444872949453]
Spectral scores: [476.55484757087345]
Final scores: [387.8585284977703]

------------------------------
K1: [15]
K2: [5]
Posterior scores: [366.8176011587502]
Spectral scores: [436.13410734772276]
Final scores: [380.6809023965447]

------------------------------
K1: [15]
K2: [7]
Posterior scores: [367.1304690025118]
Spectral scores: [414.90678219538603]
Final scores: [376.6857316410866]

------------------------------
K1: [15]
K2: [9]
Posterior scores: [367.38971366911284]
Spectral scores: [416.15978614042206]
Final scores: [377.1437281633747]

------------------------------
K1: [15]
K2: [11]
Posterior scores: [367.6590121337029]
Spectral scores: [442.09133222923793]
Final scores: [382.5454761528099]

------------------------------
K1: [15]
K2: [13]
Posterior scores: [367.74059372946635]
Spectral scores: [421.3802426802048]
Final scores: [378.46852351961405]

------------------------------
K1: [15]
K2: [15]
Posterior scores: [367.9676575031226]
Spectral scores: [474.8350687976607]
Final scores: [389.3411397620302]

------------------------------
K1: [15]
K2: [17]
Posterior scores: [368.1045880719773]
Spectral scores: [463.57079126777563]
Final scores: [387.19782871113694]

------------------------------
K1: [15]
K2: [19]
Posterior scores: [368.73431202696884]
Spectral scores: [474.4677411855985]
Final scores: [389.88099785869474]

------------------------------
K1: [15]
K2: [21]
Posterior scores: [368.59348888002063]
Spectral scores: [398.5004193964156]
Final scores: [374.57487498329965]

------------------------------
K1: [17]
K2: [1]
Posterior scores: [365.6905476146091]
Spectral scores: [428.00491971708755]
Final scores: [378.15342203510477]

------------------------------
K1: [17]
K2: [3]
Posterior scores: [367.39172514864913]
Spectral scores: [440.9264869290031]
Final scores: [382.0986775047199]

------------------------------
K1: [17]
K2: [5]
Posterior scores: [368.58602214283223]
Spectral scores: [427.62615597344256]
Final scores: [380.3940489089543]

------------------------------
K1: [17]
K2: [7]
Posterior scores: [368.9960398491854]
Spectral scores: [440.1110807494526]
Final scores: [383.2190480292388]

------------------------------
K1: [17]
K2: [9]
Posterior scores: [369.37800954283097]
Spectral scores: [453.1240323925972]
Final scores: [386.1272141127842]

------------------------------
K1: [17]
K2: [11]
Posterior scores: [369.49163394933925]
Spectral scores: [434.4212609061891]
Final scores: [382.4775593407092]

------------------------------
K1: [17]
K2: [13]
Posterior scores: [369.83645073627116]
Spectral scores: [448.0869981346671]
Final scores: [385.48656021595036]

------------------------------
K1: [17]
K2: [15]
Posterior scores: [369.83762707450643]
Spectral scores: [445.6161445437973]
Final scores: [384.9933305683646]

------------------------------
K1: [17]
K2: [17]
Posterior scores: [370.33780851517014]
Spectral scores: [440.0239333305647]
Final scores: [384.27503347824904]

------------------------------
K1: [17]
K2: [19]
Posterior scores: [370.5388527670996]
Spectral scores: [441.9785038932566]
Final scores: [384.826782992331]

------------------------------
K1: [17]
K2: [21]
Posterior scores: [370.2870596017537]
Spectral scores: [425.5596513493001]
Final scores: [381.341577951263]

------------------------------
K1: [19]
K2: [1]
Posterior scores: [366.79347633110785]
Spectral scores: [431.45578283031136]
Final scores: [379.7259376309486]

------------------------------
K1: [19]
K2: [1]
Posterior scores: [366.79026437363535]
Spectral scores: [379.25004267156817]
Final scores: [369.28222003322196]

------------------------------
K1: [19]
K2: [3]
Posterior scores: [368.7846755633784]
Spectral scores: [448.8791077202997]
Final scores: [384.8035619947627]

------------------------------
K1: [19]
K2: [5]
Posterior scores: [369.848319216247]
Spectral scores: [394.4875708745688]
Final scores: [374.7761695479113]
